-8.5
-8.5
-8.5
-8.5
-10
-10
-7.5
-7.5
-7.5
-8  
-7.5
-7  
-6  
-5.5
-5  
-5  
-3.5
-2.5
-2.5
-1.5
4.5 
4.5 
5.5 
7.5 
7.5 
10.5
9   
8.5 
8   
8   
9   
9   
10.5
10  
9   
9   
8   
8   
7.5 
6.5 
5   
5   
3.5 
-2  
-2  
-2  
4   
7.5 
6   
2   
2   
1   
1.5 
4   
4   
2   
2   
5   
5   
2   
6   
3.5 
2   
2   
9   
9   
8.5 
10  
8   
6   
9.5 
7.5 
11  
10.5
11  
13  
8.5 
9   
7.5 
6.5 
4   
3.5 
1   
1   
2.5 
3   
3.5 
5   
10.5
11  
10  
9   
5.5 
3   
1   
1.5 
4.5 
1.5 
4.5 
8.5 
8.5 
8.5 
8.5 
9.5 
8.5 
10  
9   
9   
13.5
11  
15  
12.5
10.5
10  
10  
10  
13.5
12.5
10.5
14  
24.5
18  
19  
17.5
16.5
16.5
17  
17.5
17.5
17  
16.5
19  
16  
15  
15.5
14.5
19.5
17  
15  
16.5
15.5
17.5
20  
21  
21.5
21.5
21.5
19.5
19  
17.5
16.5
15.5
14  
15  
14  
16  
16.5
11  
12.5
18.5
15.5
15.5
15.5
21  
22  
19.5
23  
20.5
21  
21  
21  
23  
22  
25.5
26  
16.5
20  
20  
20  
20.5
21  
19  
21.5
26.5
27  
19.5
20.5
21  
20.5
24.5
23.5
26  
48  
27.5
27.5
27.5
28.5
25  
23  
22  
22.5
23.5
23.5
20.1
17.5
18  
28  
15  
23  
22  
21.5
22  
22.5
24.5
25  
25.5
23  
19.5
19.5
16  
20.5
21  
21.5
20  
18.5
19  
16  
18  
17  
17  
17  
17.5
15  
17  
18.5
17.5
20  
19  
19  
18  
19  
19  
19  
18  
17  
16  
20  
18  
17  
17.5
18  
21.5
24.5
11  
6   
8.5 
8.5 
9   
9   
8.5 
13  
14  
15.5
15.5
16  
11  
8   
11  
10.5
10  
10.5
10.5
10  
9.5 
10.5
12  
11.5
8   
12  
7.5 
5   
7   
5.5 
3.5 
3   
3   
5   
7.5 
12  
14  
16.5
9.5 
10  
7.5 
13.5
14  
11.5
5.5 
6.5 
7   
9.5 
4.5 
4.5 
4   
6   
4   
2.5 
0   
-0.5
0   
-1.5
2   
4   
1   
2.5 
2.5 
4.5 
6   
11.5
16.5
18.5
14.5
11.2
9.5 
7   
8   
8   
7.5 
6   
5   
4   
4   
3   
1   
0.5 
-2  
-2.5
-2.5
-2  
-4  
-9.5
-11 
-14.
-14 
-13.
-12.
-9.5
-6  
-9  
-8.5
-4.5
-3.5
-2.5
-2.5
-3  
-3  
-7.5
-14 
-15 
-9  
-5  
-1  
4   
-5  
-12.
